40 atoms
0 61.2884809654151 26.6098352651477 1.675
10 61.2884809578955 25.2133660391477 1.675 270
20 60.0791031471977 27.3080698904484 1.675 150
40 62.4978587961651 27.3080698687413 1.675 30
1 27.9835962396402 5.57399915836878 1.675
11 26.5937864598492 5.71021617332034 1.675 174.402247064003
21 28.7964685303464 6.70950122272934 1.675 54.4022470640029
41 28.5605337311165 4.30228007378521 1.675 294.402247064003
2 128.562381510796 13.73855417857 1.675
12 129.440655491428 14.824261834484 1.675 51.029167166459
22 127.182994109896 13.9563079326242 1.675 171.029167166459
42 129.063494925346 12.4350927695045 1.675 291.029167166459
3 96.8549783537527 72.772528342382 1.675
13 97.9187586786331 73.6772369803216 1.675 40.3800224374887
23 97.1065888482167 71.3989132368155 1.675 280.380022437489
43 95.5395875289559 73.2414348119527 1.675 160.380022437489
4 182.877712036826 68.2096757154901 1.675
14 183.163069930679 69.5766787043605 1.675 78.2089927365114
24 183.918892400856 67.279047030824 1.675 318.208992736511
44 181.551173773444 67.7733014094771 1.675 198.208992736511
5 38.4131375339142 43.6101747126575 1.675
15 37.0720084259823 43.9994034564865 1.675 163.81596820141
25 38.7466201045959 42.2541084627211 1.675 283.81596820141
45 39.4207840725469 44.5770122131439 1.675 43.81596820141
6 172.980849636045 36.4472879265797 1.675
16 173.333925855508 37.798385066838 1.675 75.3546668427785
26 173.97439596806 35.4659663761674 1.675 315.354666842779
46 171.634227078984 36.0775123352008 1.675 195.354666842779
7 148.957991972591 53.5338023456236 1.675
17 147.577177131684 53.7423129551785 1.675 171.412900780054
27 149.467823905099 52.2337263094783 1.675 291.412900780054
47 149.828974883102 54.6253677668251 1.675 51.4129007800542
8 30.374476273201 63.3515286869559 1.675
18 30.9173966910187 62.0649192982595 1.675 292.878658577278
28 31.2172524823156 64.4650162533506 1.675 52.8786585772776
48 28.9887796485192 63.5246505039245 1.675 172.878658577278
9 180.945612136326 48.3065671102917 1.675
19 181.46414196263 49.6031985607809 1.675 68.2032668395914
29 181.809262993391 47.2091913787138 1.675 308.203266839591
49 179.563431447227 48.1073113905546 1.675 188.203266839591
